3.054689447482624581e-02
6.164521630976337735e-02
9.038737814333028253e-02
1.664497587094889708e-01
1.703872502251007615e-01
1.966734721677379227e-01
2.009315801864571260e-01
2.393662132705187962e-01
3.021545522098482706e-01
3.074368960467349643e-01
3.159415067101229435e-01
3.315480667784393431e-01
3.337240589775883892e-01
4.057418962740366730e-01
4.626899402165199349e-01
4.744379182527113659e-01
4.838693157698333303e-01
4.988281644402130510e-01
6.316067654915439311e-01
7.223239830738966694e-01
7.434183897739619074e-01
7.452588527761014880e-01
7.646600765314167658e-01
7.804675920255382815e-01
7.882382187979719568e-01
7.954895020278458517e-01
7.976239174311354763e-01
8.097290483848735843e-01
8.371912399532869253e-01
8.472566609616261069e-01
8.579714842968619859e-01
9.049753444939830915e-01
9.756837609531121558e-01
1.040941305812490780e+00
1.123850657816296561e+00
1.125609674730345455e+00
1.137001466059174515e+00
1.179014082133214458e+00
1.182270404591473589e+00
1.212321589630461549e+00
1.247918525657821798e+00
1.269941237085050911e+00
1.292040146694048763e+00
1.294887696255899945e+00
1.311621448943139701e+00
1.317659984134433859e+00
1.322462942681032594e+00
1.364770620823029024e+00
1.369107608739525528e+00
1.392528632772059405e+00
1.398863808570502520e+00
1.403519774184431634e+00
1.426108571677242587e+00
1.462384459965475614e+00
1.471242584681440091e+00
1.491450156881442668e+00
1.534587953058188070e+00
1.534749027268292210e+00
1.577135715101513513e+00
1.596342386884901376e+00
1.645199175631985034e+00
1.686760639233578996e+00
1.702243773770635960e+00
1.808918599538996252e+00
1.895383537945992902e+00
1.935968320204002779e+00
1.946635991200698301e+00
1.954692159087692227e+00
1.960953396188973796e+00
1.963739366017724919e+00
1.979040781739465960e+00
1.999451653829134923e+00
2.089380406655878986e+00
2.092974273501402749e+00
2.116410901157198765e+00
2.170392382616498139e+00
2.220201234977313476e+00
2.260422481768171288e+00
2.262981002911257811e+00
2.280435076797755922e+00
2.300630952601313783e+00
2.315885554478852359e+00
2.361206748626332175e+00
2.365901067974590433e+00
2.391922899808215153e+00
2.443943351769862105e+00
2.530160158946257454e+00
2.606919763870395368e+00
2.668510000648069980e+00
2.711185142469258569e+00
2.725473864969910842e+00
2.744649631803062206e+00
2.884672459216277574e+00
2.906436543075449297e+00
2.990502522769955096e+00
3.006445579596362716e+00
3.077825725822166181e+00
3.088978221295302973e+00
3.111491961820742613e+00
3.128841456009717081e+00
